Mouse_X,Mouse_Y
733,657
