Mouse_X,Mouse_Y
781,374
