Mouse_X,Mouse_Y
1282,487
